(kicad_pcb (version 20171130) (host pcbnew 5.1.8-1.fc33)

  (general
    (thickness 1.6)
    (drawings 37)
    (tracks 622)
    (zones 0)
    (modules 66)
    (nets 67)
  )

  (page A4)
  (layers
    (0 F.Cu signal)
    (31 B.Cu signal)
    (32 B.Adhes user)
    (33 F.Adhes user)
    (34 B.Paste user)
    (35 F.Paste user)
    (36 B.SilkS user)
    (37 F.SilkS user)
    (38 B.Mask user)
    (39 F.Mask user)
    (40 Dwgs.User user)
    (41 Cmts.User user)
    (42 Eco1.User user)
    (43 Eco2.User user)
    (44 Edge.Cuts user)
    (45 Margin user)
    (46 B.CrtYd user)
    (47 F.CrtYd user)
    (48 B.Fab user)
    (49 F.Fab user)
  )

  (setup
    (last_trace_width 0.4)
    (user_trace_width 0.3)
    (user_trace_width 0.35)
    (user_trace_width 0.4)
    (user_trace_width 1)
    (trace_clearance 0.1)
    (zone_clearance 0.508)
    (zone_45_only no)
    (trace_min 0.2)
    (via_size 1.5)
    (via_drill 0.6)
    (via_min_size 0.4)
    (via_min_drill 0.3)
    (user_via 1.2 0.6)
    (user_via 1.5 0.6)
    (uvia_size 0.3)
    (uvia_drill 0.1)
    (uvias_allowed no)
    (uvia_min_size 0.2)
    (uvia_min_drill 0.1)
    (edge_width 0.05)
    (segment_width 0.2)
    (pcb_text_width 0.3)
    (pcb_text_size 1.5 1.5)
    (mod_edge_width 0.12)
    (mod_text_size 1 1)
    (mod_text_width 0.15)
    (pad_size 1.2 1.2)
    (pad_drill 0)
    (pad_to_mask_clearance 0.051)
    (solder_mask_min_width 0.25)
    (aux_axis_origin 0 0)
    (visible_elements 7FFFFFFF)
    (pcbplotparams
      (layerselection 0x010fc_ffffffff)
      (usegerberextensions false)
      (usegerberattributes false)
      (usegerberadvancedattributes false)
      (creategerberjobfile false)
      (excludeedgelayer true)
      (linewidth 0.100000)
      (plotframeref false)
      (viasonmask false)
      (mode 1)
      (useauxorigin false)
      (hpglpennumber 1)
      (hpglpenspeed 20)
      (hpglpendiameter 15.000000)
      (psnegative false)
      (psa4output false)
      (plotreference true)
      (plotvalue true)
      (plotinvisibletext false)
      (padsonsilk false)
      (subtractmaskfromsilk false)
      (outputformat 1)
      (mirror false)
      (drillshape 0)
      (scaleselection 1)
      (outputdirectory "output/mk5/v0.5.8"))
  )

  (net 0 "")
  (net 1 GND)
  (net 2 3V3)
  (net 3 "Net-(C3-Pad1)")
  (net 4 "Net-(C4-Pad1)")
  (net 5 "Net-(C6-Pad1)")
  (net 6 "Net-(C6-Pad2)")
  (net 7 "Net-(C7-Pad1)")
  (net 8 "Net-(C8-Pad1)")
  (net 9 "Net-(C10-Pad1)")
  (net 10 "Net-(C11-Pad1)")
  (net 11 "Net-(C12-Pad1)")
  (net 12 PREVGH)
  (net 13 "Net-(C14-Pad1)")
  (net 14 PREVGL)
  (net 15 "Net-(C16-Pad1)")
  (net 16 GDR)
  (net 17 RESE)
  (net 18 BUSY)
  (net 19 RST)
  (net 20 DC)
  (net 21 SCL)
  (net 22 SDA)
  (net 23 "Net-(U2-Pad13)")
  (net 24 "Net-(U2-Pad16)")
  (net 25 "Net-(U2-Pad17)")
  (net 26 "Net-(U2-Pad20)")
  (net 27 "Net-(U2-Pad26)")
  (net 28 "Net-(U3-Pad4)")
  (net 29 "Net-(J1-Pad18)")
  (net 30 "Net-(J1-Pad19)")
  (net 31 "Net-(J1-Pad24)")
  (net 32 "Net-(U2-Pad1)")
  (net 33 "Net-(U2-Pad15)")
  (net 34 "Net-(U2-Pad28)")
  (net 35 "Net-(U2-Pad29)")
  (net 36 "Net-(U2-Pad30)")
  (net 37 VIN)
  (net 38 "Net-(C19-Pad1)")
  (net 39 "Net-(D5-Pad1)")
  (net 40 "Net-(J2-Pad2)")
  (net 41 "Net-(J2-Pad3)")
  (net 42 "Net-(J2-Pad4)")
  (net 43 "Net-(J2-Pad6)")
  (net 44 BATT)
  (net 45 "Net-(R9-Pad2)")
  (net 46 "Net-(R11-Pad1)")
  (net 47 SWDCLK)
  (net 48 SWDIO)
  (net 49 SWDRST)
  (net 50 "Net-(U2-Pad22)")
  (net 51 MOSI)
  (net 52 SCK)
  (net 53 CS)
  (net 54 "Net-(C22-Pad1)")
  (net 55 "Net-(C22-Pad2)")
  (net 56 "Net-(C23-Pad2)")
  (net 57 "Net-(C23-Pad1)")
  (net 58 "Net-(C24-Pad1)")
  (net 59 "Net-(C24-Pad2)")
  (net 60 "Net-(C25-Pad1)")
  (net 61 "Net-(U5-Pad7)")
  (net 62 "Net-(U5-Pad8)")
  (net 63 "Net-(D6-Pad1)")
  (net 64 "Net-(D6-Pad2)")
  (net 65 VOLTIMETER)
  (net 66 OHMOMETER)

  (net_class Default "To jest domyślna klasa połączeń."
    (clearance 0.1)
    (trace_width 0.4)
    (via_dia 1.5)
    (via_drill 0.6)
    (uvia_dia 0.3)
    (uvia_drill 0.1)
    (add_net 3V3)
    (add_net BATT)
    (add_net BUSY)
    (add_net CS)
    (add_net DC)
    (add_net GDR)
    (add_net GND)
    (add_net MOSI)
    (add_net "Net-(C10-Pad1)")
    (add_net "Net-(C11-Pad1)")
    (add_net "Net-(C12-Pad1)")
    (add_net "Net-(C14-Pad1)")
    (add_net "Net-(C16-Pad1)")
    (add_net "Net-(C19-Pad1)")
    (add_net "Net-(C22-Pad1)")
    (add_net "Net-(C22-Pad2)")
    (add_net "Net-(C23-Pad1)")
    (add_net "Net-(C23-Pad2)")
    (add_net "Net-(C24-Pad1)")
    (add_net "Net-(C24-Pad2)")
    (add_net "Net-(C25-Pad1)")
    (add_net "Net-(C3-Pad1)")
    (add_net "Net-(C4-Pad1)")
    (add_net "Net-(C6-Pad1)")
    (add_net "Net-(C6-Pad2)")
    (add_net "Net-(C7-Pad1)")
    (add_net "Net-(C8-Pad1)")
    (add_net "Net-(D5-Pad1)")
    (add_net "Net-(D6-Pad1)")
    (add_net "Net-(D6-Pad2)")
    (add_net "Net-(J1-Pad18)")
    (add_net "Net-(J1-Pad19)")
    (add_net "Net-(J1-Pad24)")
    (add_net "Net-(J2-Pad2)")
    (add_net "Net-(J2-Pad3)")
    (add_net "Net-(J2-Pad4)")
    (add_net "Net-(J2-Pad6)")
    (add_net "Net-(R11-Pad1)")
    (add_net "Net-(R9-Pad2)")
    (add_net "Net-(U2-Pad1)")
    (add_net "Net-(U2-Pad13)")
    (add_net "Net-(U2-Pad15)")
    (add_net "Net-(U2-Pad16)")
    (add_net "Net-(U2-Pad17)")
    (add_net "Net-(U2-Pad20)")
    (add_net "Net-(U2-Pad22)")
    (add_net "Net-(U2-Pad26)")
    (add_net "Net-(U2-Pad28)")
    (add_net "Net-(U2-Pad29)")
    (add_net "Net-(U2-Pad30)")
    (add_net "Net-(U3-Pad4)")
    (add_net "Net-(U5-Pad7)")
    (add_net "Net-(U5-Pad8)")
    (add_net OHMOMETER)
    (add_net PREVGH)
    (add_net PREVGL)
    (add_net RESE)
    (add_net RST)
    (add_net SCK)
    (add_net SCL)
    (add_net SDA)
    (add_net SWDCLK)
    (add_net SWDIO)
    (add_net SWDRST)
    (add_net VIN)
    (add_net VOLTIMETER)
  )

  (module Crystal:Crystal_DS26_D2.0mm_L6.0mm_Horizontal (layer F.Cu) (tedit 5EA2D76B) (tstamp 5EA2027A)
    (at 167.894 109.728 90)
    (descr "Crystal THT DS26 6.0mm length 2.0mm diameter http://www.microcrystal.com/images/_Product-Documentation/03_TF_metal_Packages/01_Datasheet/DS-Series.pdf")
    (tags ['DS26'])
    (path /5DE875C4)
    (fp_text reference Y1 (at -6.35 -0.127 270) (layer F.SilkS)
      (effects (font (size 1 1) (thickness 0.15)))
    )
    (fp_text value 32k768 (at 5.969 1.905 180) (layer F.Fab)
      (effects (font (size 1 1) (thickness 0.15)))
    )
    (fp_line (start 2.5654 -0.9398) (end 2.5654 0.9779) (layer F.CrtYd) (width 0.05))
    (fp_line (start -0.6985 -0.9398) (end -0.6985 0.9779) (layer F.CrtYd) (width 0.05))
    (fp_line (start 2.5654 -0.9398) (end -0.6985 -0.9398) (layer F.CrtYd) (width 0.05))
    (fp_line (start 2.5654 0.9779) (end -0.6985 0.9779) (layer F.CrtYd) (width 0.05))
    (fp_line (start -0.646 1.011) (end 1.9304 1.016) (layer F.SilkS) (width 0.12))
    (fp_line (start -1.546 0.411) (end -0.646 1.011) (layer F.SilkS) (width 0.12))
    (fp_line (start -0.646 -0.889) (end 0.0254 -0.889) (layer F.SilkS) (width 0.12))
    (fp_line (start -1.546 -0.289) (end -0.646 -0.889) (layer F.SilkS) (width 0.12))
    (fp_line (start -1.546 1.261) (end -1.546 -1.139) (layer F.SilkS) (width 0.12))
    (fp_line (start -7.946 1.261) (end -1.546 1.261) (layer F.SilkS) (width 0.12))
    (fp_line (start -7.946 -1.139) (end -7.946 1.261) (layer F.SilkS) (width 0.12))
    (fp_line (start -1.546 -1.139) (end -7.946 -1.139) (layer F.SilkS) (width 0.12))
    (fp_line (start -0.635 1.016) (end 1.9431 1.016) (layer F.Fab) (width 0.1))
    (fp_line (start -1.746 0.411) (end -0.746 1.011) (layer F.Fab) (width 0.1))
    (fp_line (start -0.508 -0.905) (end 0 -0.889) (layer F.Fab) (width 0.1))
    (fp_line (start -1.746 -0.289) (end -0.746 -0.889) (layer F.Fab) (width 0.1))
    (fp_line (start -1.746 1.061) (end -1.746 -0.939) (layer F.Fab) (width 0.1))
    (fp_line (start -7.746 1.061) (end -1.746 1.061) (layer F.Fab) (width 0.1))
    (fp_line (start -7.746 -0.939) (end -7.746 1.061) (layer F.Fab) (width 0.1))
    (fp_line (start -1.746 -0.939) (end -7.746 -0.939) (layer F.Fab) (width 0.1))
    (fp_text user %R (at -4.496 0.111 270) (layer F.Fab)
      (effects (font (size 0.7 0.7) (thickness 0.105)))
    )
    (pad 1 thru_hole circle (at 0 0 90) (size 1 1) (drill 0.5) (layers *.Cu *.Mask)
      (net 3 "Net-(C3-Pad1)"))
    (pad 2 thru_hole circle (at 1.9 0 90) (size 1 1) (drill 0.5) (layers *.Cu *.Mask)
      (net 4 "Net-(C4-Pad1)"))
    (model ${KISYS3DMOD}/Crystal.3dshapes/Crystal_DS26_D2.0mm_L6.0mm_Horizontal.wrl
      (at (xyz 0 0 0))
      (scale (xyz 1 1 1))
      (rotate (xyz 0 0 0))
    )
  )

  (module Package_LGA:Bosch_LGA-8_2.5x2.5mm_P0.65mm_ClockwisePinNumbering (layer F.Cu) (tedit 5A0FA816) (tstamp 5DD70413)
    (at 169.02 103.48 180)
    (descr LGA-8)
    (tags "lga land grid array")
    (path /5DF108E7)
    (attr smd)
    (fp_text reference U1 (at -2.64 -0.19) (layer F.SilkS)
      (effects (font (size 1 1) (thickness 0.15)))
    )
    (fp_text value BME280 (at 0.015 2.535) (layer F.Fab)
      (effects (font (size 1 1) (thickness 0.15)))
    )
    (fp_line (start 1.41 1.54) (end -1.41 1.54) (layer F.CrtYd) (width 0.05))
    (fp_line (start 1.41 -1.54) (end 1.41 1.54) (layer F.CrtYd) (width 0.05))
    (fp_line (start -1.41 -1.54) (end 1.41 -1.54) (layer F.CrtYd) (width 0.05))
    (fp_line (start -1.41 1.54) (end -1.41 -1.54) (layer F.CrtYd) (width 0.05))
    (fp_line (start 1.25 1.25) (end -1.25 1.25) (layer F.Fab) (width 0.1))
    (fp_line (start 1.25 -1.25) (end 1.25 1.25) (layer F.Fab) (width 0.1))
    (fp_line (start -0.5 -1.25) (end 1.25 -1.25) (layer F.Fab) (width 0.1))
    (fp_line (start -1.25 1.25) (end -1.25 -0.5) (layer F.Fab) (width 0.1))
    (fp_line (start -1.35 -1.2) (end -1.35 -1.45) (layer F.SilkS) (width 0.1))
    (fp_line (start 1.35 -1.35) (end 1.35 -1.2) (layer F.SilkS) (width 0.1))
    (fp_line (start 1.2 -1.35) (end 1.35 -1.35) (layer F.SilkS) (width 0.1))
    (fp_line (start 1.35 1.35) (end 1.2 1.35) (layer F.SilkS) (width 0.1))
    (fp_line (start 1.35 1.35) (end 1.35 1.2) (layer F.SilkS) (width 0.1))
    (fp_line (start -1.35 1.35) (end -1.35 1.2) (layer F.SilkS) (width 0.1))
    (fp_line (start -1.25 -0.5) (end -0.5 -1.25) (layer F.Fab) (width 0.1))
    (fp_line (start -1.35 1.36) (end -1.2 1.36) (layer F.SilkS) (width 0.1))
    (fp_text user %R (at 0 0 180) (layer F.Fab)
      (effects (font (size 0.5 0.5) (thickness 0.075)))
    )
    (pad 4 smd rect (at 0.975 -1.025 270) (size 0.5 0.35) (layers F.Cu F.Paste F.Mask)
      (net 21 SCL))
    (pad 3 smd rect (at 0.325 -1.025 270) (size 0.5 0.35) (layers F.Cu F.Paste F.Mask)
      (net 22 SDA))
    (pad 2 smd rect (at -0.325 -1.025 270) (size 0.5 0.35) (layers F.Cu F.Paste F.Mask)
      (net 2 3V3))
    (pad 1 smd rect (at -0.975 -1.025 270) (size 0.5 0.35) (layers F.Cu F.Paste F.Mask)
      (net 1 GND))
    (pad 8 smd rect (at -0.975 1.025 270) (size 0.5 0.35) (layers F.Cu F.Paste F.Mask)
      (net 2 3V3))
    (pad 7 smd rect (at -0.325 1.025 270) (size 0.5 0.35) (layers F.Cu F.Paste F.Mask)
      (net 1 GND))
    (pad 6 smd rect (at 0.325 1.025 270) (size 0.5 0.35) (layers F.Cu F.Paste F.Mask)
      (net 2 3V3))
    (pad 5 smd rect (at 0.975 1.025 270) (size 0.5 0.35) (layers F.Cu F.Paste F.Mask)
      (net 2 3V3))
    (model ${KISYS3DMOD}/Package_LGA.3dshapes/Bosch_LGA-8_2.5x2.5mm_P0.65mm_ClockwisePinNumbering.wrl
      (offset (xyz 0.01500000025472259 -0.03500000059435272 0))
      (scale (xyz 1 1 1))
      (rotate (xyz 0 0 0))
    )
  )

  (module Connector_FFC-FPC:Hirose_FH12-24S-0.5SH_1x24-1MP_P0.50mm_Horizontal (layer F.Cu) (tedit 5E8B54EC) (tstamp 5DD702F5)
    (at 159.51 131.71)
    (descr "Hirose FH12, FFC/FPC connector, FH12-24S-0.5SH, 24 Pins per row (https://www.hirose.com/product/en/products/FH12/FH12-24S-0.5SH(55)/), generated with kicad-footprint-generator")
    (tags "connector Hirose FH12 horizontal")
    (path /5DD66015)
    (attr smd)
    (fp_text reference J1 (at 0 -3.7) (layer F.SilkS)
      (effects (font (size 1 1) (thickness 0.15)))
    )
    (fp_text value PFC24/display (at 0 5.6) (layer F.Fab)
      (effects (font (size 1 1) (thickness 0.15)))
    )
    (fp_line (start 9.05 -3) (end -9.05 -3) (layer F.CrtYd) (width 0.05))
    (fp_line (start 9.05 4.9) (end 9.05 -3) (layer F.CrtYd) (width 0.05))
    (fp_line (start -9.05 4.9) (end 9.05 4.9) (layer F.CrtYd) (width 0.05))
    (fp_line (start -9.05 -3) (end -9.05 4.9) (layer F.CrtYd) (width 0.05))
    (fp_line (start -5.75 -0.492893) (end -5.25 -1.2) (layer F.Fab) (width 0.1))
    (fp_line (start -6.25 -1.2) (end -5.75 -0.492893) (layer F.Fab) (width 0.1))
    (fp_line (start -6.16 -1.3) (end -6.16 -2.5) (layer F.SilkS) (width 0.12))
    (fp_line (start 7.65 4.5) (end 7.65 2.76) (layer F.SilkS) (width 0.12))
    (fp_line (start -7.65 4.5) (end 7.65 4.5) (layer F.SilkS) (width 0.12))
    (fp_line (start -7.65 2.76) (end -7.65 4.5) (layer F.SilkS) (width 0.12))
    (fp_line (start 6.16 -1.3) (end 7.65 -1.3) (layer F.SilkS) (width 0.12))
    (fp_line (start -6.16 -1.3) (end -7.65 -1.3) (layer F.SilkS) (width 0.12))
    (fp_line (start 7.45 4.4) (end 0 4.4) (layer F.Fab) (width 0.1))
    (fp_line (start 7.45 3.7) (end 7.45 4.4) (layer F.Fab) (width 0.1))
    (fp_line (start 6.95 3.7) (end 7.45 3.7) (layer F.Fab) (width 0.1))
    (fp_line (start 6.95 3.4) (end 6.95 3.7) (layer F.Fab) (width 0.1))
    (fp_line (start 7.55 3.4) (end 6.95 3.4) (layer F.Fab) (width 0.1))
    (fp_line (start 7.55 -1.2) (end 7.55 3.4) (layer F.Fab) (width 0.1))
    (fp_line (start 0 -1.2) (end 7.55 -1.2) (layer F.Fab) (width 0.1))
    (fp_line (start -7.45 4.4) (end 0 4.4) (layer F.Fab) (width 0.1))
    (fp_line (start -7.45 3.7) (end -7.45 4.4) (layer F.Fab) (width 0.1))
    (fp_line (start -6.95 3.7) (end -7.45 3.7) (layer F.Fab) (width 0.1))
    (fp_line (start -6.95 3.4) (end -6.95 3.7) (layer F.Fab) (width 0.1))
    (fp_line (start -7.55 3.4) (end -6.95 3.4) (layer F.Fab) (width 0.1))
    (fp_line (start -7.55 -1.2) (end -7.55 3.4) (layer F.Fab) (width 0.1))
    (fp_line (start 0 -1.2) (end -7.55 -1.2) (layer F.Fab) (width 0.1))
    (fp_text user %R (at 0 3.7) (layer F.Fab)
      (effects (font (size 1 1) (thickness 0.15)))
    )
    (pad MP smd rect (at 7.65 0.8) (size 1.8 4) (layers F.Cu F.Paste F.Mask))
    (pad MP smd rect (at -7.65 0.8) (size 1.8 4) (layers F.Cu F.Paste F.Mask))
    (pad 1 smd rect (at -5.75 -1) (size 0.3 3) (layers F.Cu F.Paste F.Mask)
      (net 15 "Net-(C16-Pad1)"))
    (pad 2 smd rect (at -5.25 -1) (size 0.3 3) (layers F.Cu F.Paste F.Mask)
      (net 14 PREVGL))
    (pad 3 smd rect (at -4.75 -1) (size 0.3 3) (layers F.Cu F.Paste F.Mask)
      (net 13 "Net-(C14-Pad1)"))
    (pad 4 smd rect (at -4.25 -1) (size 0.3 3) (layers F.Cu F.Paste F.Mask)
      (net 12 PREVGH))
    (pad 5 smd rect (at -3.75 -1) (size 0.3 3) (layers F.Cu F.Paste F.Mask)
      (net 11 "Net-(C12-Pad1)"))
    (pad 6 smd rect (at -3.25 -1) (size 0.3 3) (layers F.Cu F.Paste F.Mask)
      (net 10 "Net-(C11-Pad1)"))
    (pad 7 smd rect (at -2.75 -1) (size 0.3 3) (layers F.Cu F.Paste F.Mask)
      (net 9 "Net-(C10-Pad1)"))
    (pad 8 smd rect (at -2.25 -1) (size 0.3 3) (layers F.Cu F.Paste F.Mask)
      (net 1 GND))
    (pad 9 smd rect (at -1.75 -1) (size 0.3 3) (layers F.Cu F.Paste F.Mask)
      (net 2 3V3))
    (pad 10 smd rect (at -1.25 -1) (size 0.3 3) (layers F.Cu F.Paste F.Mask)
      (net 2 3V3))
    (pad 11 smd rect (at -0.75 -1) (size 0.3 3) (layers F.Cu F.Paste F.Mask)
      (net 51 MOSI))
    (pad 12 smd rect (at -0.25 -1) (size 0.3 3) (layers F.Cu F.Paste F.Mask)
      (net 52 SCK))
    (pad 13 smd rect (at 0.25 -1) (size 0.3 3) (layers F.Cu F.Paste F.Mask)
      (net 53 CS))
    (pad 14 smd rect (at 0.75 -1) (size 0.3 3) (layers F.Cu F.Paste F.Mask)
      (net 20 DC))
    (pad 15 smd rect (at 1.25 -1) (size 0.3 3) (layers F.Cu F.Paste F.Mask)
      (net 19 RST))
    (pad 16 smd rect (at 1.75 -1) (size 0.3 3) (layers F.Cu F.Paste F.Mask)
      (net 18 BUSY))
    (pad 17 smd rect (at 2.25 -1) (size 0.3 3) (layers F.Cu F.Paste F.Mask)
      (net 1 GND))
    (pad 18 smd rect (at 2.75 -1) (size 0.3 3) (layers F.Cu F.Paste F.Mask)
      (net 29 "Net-(J1-Pad18)"))
    (pad 19 smd rect (at 3.25 -1) (size 0.3 3) (layers F.Cu F.Paste F.Mask)
      (net 30 "Net-(J1-Pad19)"))
    (pad 20 smd rect (at 3.75 -1) (size 0.3 3) (layers F.Cu F.Paste F.Mask)
      (net 8 "Net-(C8-Pad1)"))
    (pad 21 smd rect (at 4.25 -1) (size 0.3 3) (layers F.Cu F.Paste F.Mask)
      (net 7 "Net-(C7-Pad1)"))
    (pad 22 smd rect (at 4.75 -1) (size 0.3 3) (layers F.Cu F.Paste F.Mask)
      (net 17 RESE))
    (pad 23 smd rect (at 5.25 -1) (size 0.3 3) (layers F.Cu F.Paste F.Mask)
      (net 16 GDR))
    (pad 24 smd rect (at 5.75 -1) (size 0.3 3) (layers F.Cu F.Paste F.Mask)
      (net 31 "Net-(J1-Pad24)"))
    (model ${KISYS3DMOD}/Connector_FFC-FPC.3dshapes/Hirose_FH12-24S-0.5SH_1x24-1MP_P0.50mm_Horizontal.wrl
      (at (xyz 0 0 0))
      (scale (xyz 1 1 1))
      (rotate (xyz 0 0 0))
    )
  )

  (module Button_Switch_SMD:Panasonic_EVQPUJ_EVQPUA (layer F.Cu) (tedit 5E08C0CA) (tstamp 5DD703F6)
    (at 142.26 128.76 120)
    (descr http://industrial.panasonic.com/cdbs/www-data/pdf/ATV0000/ATV0000CE5.pdf)
    (tags "SMD SMT SPST EVQPUJ EVQPUA")
    (path /5DEDAD5F)
    (attr smd)
    (fp_text reference SW3 (at -0.861103 2.851474 120) (layer F.SilkS)
      (effects (font (size 1 1) (thickness 0.15)))
    )
    (fp_text value "RESET TD-26EA" (at 0 3.5 120) (layer F.Fab)
      (effects (font (size 1 1) (thickness 0.15)))
    )
    (fp_line (start 3.9 -3.25) (end -3.9 -3.25) (layer F.CrtYd) (width 0.05))
    (fp_line (start 3.9 2.25) (end -3.9 2.25) (layer F.CrtYd) (width 0.05))
    (fp_line (start -3.9 2.25) (end -3.9 -3.25) (layer F.CrtYd) (width 0.05))
    (fp_line (start -1.425 -1.85) (end -2.35 -1.85) (layer F.SilkS) (width 0.12))
    (fp_line (start 2.45 0.275) (end 2.45 -0.275) (layer F.SilkS) (width 0.12))
    (fp_line (start 2.35 1.75) (end -2.35 1.75) (layer F.Fab) (width 0.1))
    (fp_line (start 2.35 -1.75) (end -2.35 -1.75) (layer F.Fab) (width 0.1))
    (fp_line (start -2.35 1.75) (end -2.35 -1.75) (layer F.Fab) (width 0.1))
    (fp_line (start 2.35 1.75) (end 2.35 -1.75) (layer F.Fab) (width 0.1))
    (fp_line (start 1.3 -2.75) (end -1.3 -2.75) (layer F.Fab) (width 0.1))
    (fp_line (start 1.3 -2.75) (end 1.3 -1.75) (layer F.Fab) (width 0.1))
    (fp_line (start -1.3 -2.75) (end -1.3 -1.75) (layer F.Fab) (width 0.1))
    (fp_line (start -2.45 0.275) (end -2.45 -0.275) (layer F.SilkS) (width 0.12))
    (fp_line (start 2.35 1.85) (end -2.35 1.85) (layer F.SilkS) (width 0.12))
    (fp_line (start 2.35 -1.85) (end 1.425 -1.85) (layer F.SilkS) (width 0.12))
    (fp_line (start 3.9 2.25) (end 3.9 -3.25) (layer F.CrtYd) (width 0.05))
    (fp_text user %R (at -0.076532 0.752558 120) (layer B.Fab)
      (effects (font (size 1 1) (thickness 0.15)) (justify mirror))
    )
    (pad "" smd rect (at 2.625 0.85 300) (size 1.55 1) (layers F.Cu F.Paste F.Mask))
    (pad 2 smd rect (at -2.625 0.85 300) (size 1.55 1) (layers F.Cu F.Paste F.Mask)
      (net 1 GND))
    (pad 1 smd rect (at -2.625 -0.85 300) (size 1.55 1) (layers F.Cu F.Paste F.Mask)
      (net 59 "Net-(C24-Pad2)"))
    (pad 1 smd rect (at 2.625 -0.85 300) (size 1.55 1) (layers F.Cu F.Paste F.Mask)
      (net 59 "Net-(C24-Pad2)"))
    (model ${KISYS3DMOD}/Button_Switch_SMD.3dshapes/Panasonic_EVQPUJ_EVQPUA.wrl
      (at (xyz 0 0 0))
      (scale (xyz 1 1 1))
      (rotate (xyz 0 0 0))
    )
  )

  (module Resistor_SMD:R_2010_5025Metric (layer F.Cu) (tedit 5B301BBD) (tstamp 5DD7013D)
    (at 152.29 102.04 180)
    (descr "Resistor SMD 2010 (5025 Metric), square (rectangular) end terminal, IPC_7351 nominal, (Body size source: http://www.tortai-tech.com/upload/download/2011102023233369053.pdf), generated with kicad-footprint-generator")
    (tags resistor)
    (path /5E1EFA26)
    (attr smd)
    (fp_text reference BT1 (at 0 -2.28) (layer F.SilkS)
      (effects (font (size 1 1) (thickness 0.15)))
    )
    (fp_text value Lipo (at 0 2.28) (layer F.Fab)
      (effects (font (size 1 1) (thickness 0.15)))
    )
    (fp_line (start 3.18 1.58) (end -3.18 1.58) (layer F.CrtYd) (width 0.05))
    (fp_line (start 3.18 -1.58) (end 3.18 1.58) (layer F.CrtYd) (width 0.05))
    (fp_line (start -3.18 -1.58) (end 3.18 -1.58) (layer F.CrtYd) (width 0.05))
    (fp_line (start -3.18 1.58) (end -3.18 -1.58) (layer F.CrtYd) (width 0.05))
    (fp_line (start -1.402064 1.36) (end 1.402064 1.36) (layer F.SilkS) (width 0.12))
    (fp_line (start -1.402064 -1.36) (end 1.402064 -1.36) (layer F.SilkS) (width 0.12))
    (fp_line (start 2.5 1.25) (end -2.5 1.25) (layer F.Fab) (width 0.1))
    (fp_line (start 2.5 -1.25) (end 2.5 1.25) (layer F.Fab) (width 0.1))
    (fp_line (start -2.5 -1.25) (end 2.5 -1.25) (layer F.Fab) (width 0.1))
    (fp_line (start -2.5 1.25) (end -2.5 -1.25) (layer F.Fab) (width 0.1))
    (fp_text user %R (at 0 0) (layer F.Fab)
      (effects (font (size 1 1) (thickness 0.15)))
    )
    (pad 1 smd roundrect (at -2.25 0 180) (size 1.35 2.65) (layers F.Cu F.Paste F.Mask) (roundrect_rratio 0.1851844444444445)
      (net 37 VIN))
    (pad 2 smd roundrect (at 2.25 0 180) (size 1.35 2.65) (layers F.Cu F.Paste F.Mask) (roundrect_rratio 0.1851844444444445)
      (net 1 GND))
    (model ${KISYS3DMOD}/Resistor_SMD.3dshapes/R_2010_5025Metric.wrl
      (at (xyz 0 0 0))
      (scale (xyz 1 1 1))
      (rotate (xyz 0 0 0))
    )
  )

  (module Capacitor_SMD:C_0603_1608Metric (layer F.Cu) (tedit 5B301BBE) (tstamp 5DD7014E)
    (at 168.656 100.66 180)
    (descr "Capacitor SMD 0603 (1608 Metric), square (rectangular) end terminal, IPC_7351 nominal, (Body size source: http://www.tortai-tech.com/upload/download/2011102023233369053.pdf), generated with kicad-footprint-generator")
    (tags capacitor)
    (path /5DF29ED1)
    (attr smd)
    (fp_text reference C1 (at -0.114 1.47) (layer F.SilkS)
      (effects (font (size 1 1) (thickness 0.15)))
    )
    (fp_text value 225 (at 0 1.43) (layer F.Fab)
      (effects (font (size 1 1) (thickness 0.15)))
    )
    (fp_line (start -0.8 0.4) (end -0.8 -0.4) (layer F.Fab) (width 0.1))
    (fp_line (start -0.8 -0.4) (end 0.8 -0.4) (layer F.Fab) (width 0.1))
    (fp_line (start 0.8 -0.4) (end 0.8 0.4) (layer F.Fab) (width 0.1))
    (fp_line (start 0.8 0.4) (end -0.8 0.4) (layer F.Fab) (width 0.1))
    (fp_line (start -0.162779 -0.51) (end 0.162779 -0.51) (layer F.SilkS) (width 0.12))
    (fp_line (start -0.162779 0.51) (end 0.162779 0.51) (layer F.SilkS) (width 0.12))
    (fp_line (start -1.48 0.73) (end -1.48 -0.73) (layer F.CrtYd) (width 0.05))
    (fp_line (start -1.48 -0.73) (end 1.48 -0.73) (layer F.CrtYd) (width 0.05))
    (fp_line (start 1.48 -0.73) (end 1.48 0.73) (layer F.CrtYd) (width 0.05))
    (fp_line (start 1.48 0.73) (end -1.48 0.73) (layer F.CrtYd) (width 0.05))
    (fp_text user %R (at 0 0) (layer F.Fab)
      (effects (font (size 0.4 0.4) (thickness 0.06)))
    )
    (pad 2 smd roundrect (at 0.7875 0 180) (size 0.875 0.95) (layers F.Cu F.Paste F.Mask) (roundrect_rratio 0.25)
      (net 1 GND))
    (pad 1 smd roundrect (at -0.7875 0 180) (size 0.875 0.95) (layers F.Cu F.Paste F.Mask) (roundrect_rratio 0.25)
      (net 2 3V3))
    (model ${KISYS3DMOD}/Capacitor_SMD.3dshapes/C_0603_1608Metric.wrl
      (at (xyz 0 0 0))
      (scale (xyz 1 1 1))
      (rotate (xyz 0 0 0))
    )
  )

  (module Capacitor_SMD:C_0603_1608Metric (layer F.Cu) (tedit 5B301BBE) (tstamp 5EA24AD2)
    (at 165.91 100.26 90)
    (descr "Capacitor SMD 0603 (1608 Metric), square (rectangular) end terminal, IPC_7351 nominal, (Body size source: http://www.tortai-tech.com/upload/download/2011102023233369053.pdf), generated with kicad-footprint-generator")
    (tags capacitor)
    (path /5DF2A1B6)
    (attr smd)
    (fp_text reference C2 (at -2.32 0.08 180) (layer F.SilkS)
      (effects (font (size 1 1) (thickness 0.15)))
    )
    (fp_text value 104 (at 0 1.43 90) (layer F.Fab)
      (effects (font (size 1 1) (thickness 0.15)))
    )
    (fp_line (start 1.48 0.73) (end -1.48 0.73) (layer F.CrtYd) (width 0.05))
    (fp_line (start 1.48 -0.73) (end 1.48 0.73) (layer F.CrtYd) (width 0.05))
    (fp_line (start -1.48 -0.73) (end 1.48 -0.73) (layer F.CrtYd) (width 0.05))
    (fp_line (start -1.48 0.73) (end -1.48 -0.73) (layer F.CrtYd) (width 0.05))
    (fp_line (start -0.162779 0.51) (end 0.162779 0.51) (layer F.SilkS) (width 0.12))
    (fp_line (start -0.162779 -0.51) (end 0.162779 -0.51) (layer F.SilkS) (width 0.12))
    (fp_line (start 0.8 0.4) (end -0.8 0.4) (layer F.Fab) (width 0.1))
    (fp_line (start 0.8 -0.4) (end 0.8 0.4) (layer F.Fab) (width 0.1))
    (fp_line (start -0.8 -0.4) (end 0.8 -0.4) (layer F.Fab) (width 0.1))
    (fp_line (start -0.8 0.4) (end -0.8 -0.4) (layer F.Fab) (width 0.1))
    (fp_text user %R (at 0 0 90) (layer F.Fab)
      (effects (font (size 0.4 0.4) (thickness 0.06)))
    )
    (pad 1 smd roundrect (at -0.7875 0 90) (size 0.875 0.95) (layers F.Cu F.Paste F.Mask) (roundrect_rratio 0.25)
      (net 2 3V3))
    (pad 2 smd roundrect (at 0.7875 0 90) (size 0.875 0.95) (layers F.Cu F.Paste F.Mask) (roundrect_rratio 0.25)
      (net 1 GND))
    (model ${KISYS3DMOD}/Capacitor_SMD.3dshapes/C_0603_1608Metric.wrl
      (at (xyz 0 0 0))
      (scale (xyz 1 1 1))
      (rotate (xyz 0 0 0))
    )
  )

  (module Capacitor_SMD:C_0603_1608Metric (layer F.Cu) (tedit 5B301BBE) (tstamp 5DD70170)
    (at 171.42 110.44)
    (descr "Capacitor SMD 0603 (1608 Metric), square (rectangular) end terminal, IPC_7351 nominal, (Body size source: http://www.tortai-tech.com/upload/download/2011102023233369053.pdf), generated with kicad-footprint-generator")
    (tags capacitor)
    (path /5DE8F277)
    (attr smd)
    (fp_text reference C3 (at 2.98 0.17) (layer F.SilkS)
      (effects (font (size 1 1) (thickness 0.15)))
    )
    (fp_text value 100 (at 0 1.43) (layer F.Fab)
      (effects (font (size 1 1) (thickness 0.15)))
    )
    (fp_line (start 1.48 0.73) (end -1.48 0.73) (layer F.CrtYd) (width 0.05))
    (fp_line (start 1.48 -0.73) (end 1.48 0.73) (layer F.CrtYd) (width 0.05))
    (fp_line (start -1.48 -0.73) (end 1.48 -0.73) (layer F.CrtYd) (width 0.05))
    (fp_line (start -1.48 0.73) (end -1.48 -0.73) (layer F.CrtYd) (width 0.05))
    (fp_line (start -0.162779 0.51) (end 0.162779 0.51) (layer F.SilkS) (width 0.12))
    (fp_line (start -0.162779 -0.51) (end 0.162779 -0.51) (layer F.SilkS) (width 0.12))
    (fp_line (start 0.8 0.4) (end -0.8 0.4) (layer F.Fab) (width 0.1))
    (fp_line (start 0.8 -0.4) (end 0.8 0.4) (layer F.Fab) (width 0.1))
    (fp_line (start -0.8 -0.4) (end 0.8 -0.4) (layer F.Fab) (width 0.1))
    (fp_line (start -0.8 0.4) (end -0.8 -0.4) (layer F.Fab) (width 0.1))
    (fp_text user %R (at 0 0) (layer F.Fab)
      (effects (font (size 0.4 0.4) (thickness 0.06)))
    )
    (pad 1 smd roundrect (at -0.7875 0) (size 0.875 0.95) (layers F.Cu F.Paste F.Mask) (roundrect_rratio 0.25)
      (net 3 "Net-(C3-Pad1)"))
    (pad 2 smd roundrect (at 0.7875 0) (size 0.875 0.95) (layers F.Cu F.Paste F.Mask) (roundrect_rratio 0.25)
      (net 1 GND))
    (model ${KISYS3DMOD}/Capacitor_SMD.3dshapes/C_0603_1608Metric.wrl
      (at (xyz 0 0 0))
      (scale (xyz 1 1 1))
      (rotate (xyz 0 0 0))
    )
  )

  (module Capacitor_SMD:C_0603_1608Metric (layer F.Cu) (tedit 5B301BBE) (tstamp 5DD70181)
    (at 171.44 108.55)
    (descr "Capacitor SMD 0603 (1608 Metric), square (rectangular) end terminal, IPC_7351 nominal, (Body size source: http://www.tortai-tech.com/upload/download/2011102023233369053.pdf), generated with kicad-footprint-generator")
    (tags capacitor)
    (path /5DE8F4BF)
    (attr smd)
    (fp_text reference C4 (at 2.76 0.14) (layer F.SilkS)
      (effects (font (size 1 1) (thickness 0.15)))
    )
    (fp_text value 100 (at 0 1.43) (layer F.Fab)
      (effects (font (size 1 1) (thickness 0.15)))
    )
    (fp_line (start -0.8 0.4) (end -0.8 -0.4) (layer F.Fab) (width 0.1))
    (fp_line (start -0.8 -0.4) (end 0.8 -0.4) (layer F.Fab) (width 0.1))
    (fp_line (start 0.8 -0.4) (end 0.8 0.4) (layer F.Fab) (width 0.1))
    (fp_line (start 0.8 0.4) (end -0.8 0.4) (layer F.Fab) (width 0.1))
    (fp_line (start -0.162779 -0.51) (end 0.162779 -0.51) (layer F.SilkS) (width 0.12))
    (fp_line (start -0.162779 0.51) (end 0.162779 0.51) (layer F.SilkS) (width 0.12))
    (fp_line (start -1.48 0.73) (end -1.48 -0.73) (layer F.CrtYd) (width 0.05))
    (fp_line (start -1.48 -0.73) (end 1.48 -0.73) (layer F.CrtYd) (width 0.05))
    (fp_line (start 1.48 -0.73) (end 1.48 0.73) (layer F.CrtYd) (width 0.05))
    (fp_line (start 1.48 0.73) (end -1.48 0.73) (layer F.CrtYd) (width 0.05))
    (fp_text user %R (at 0 0) (layer F.Fab)
      (effects (font (size 0.4 0.4) (thickness 0.06)))
    )
    (pad 2 smd roundrect (at 0.7875 0) (size 0.875 0.95) (layers F.Cu F.Paste F.Mask) (roundrect_rratio 0.25)
      (net 1 GND))
    (pad 1 smd roundrect (at -0.7875 0) (size 0.875 0.95) (layers F.Cu F.Paste F.Mask) (roundrect_rratio 0.25)
      (net 4 "Net-(C4-Pad1)"))
    (model ${KISYS3DMOD}/Capacitor_SMD.3dshapes/C_0603_1608Metric.wrl
      (at (xyz 0 0 0))
      (scale (xyz 1 1 1))
      (rotate (xyz 0 0 0))
    )
  )

  (module Capacitor_SMD:C_0603_1608Metric (layer F.Cu) (tedit 5B301BBE) (tstamp 5DD70192)
    (at 173.13 118.28)
    (descr "Capacitor SMD 0603 (1608 Metric), square (rectangular) end terminal, IPC_7351 nominal, (Body size source: http://www.tortai-tech.com/upload/download/2011102023233369053.pdf), generated with kicad-footprint-generator")
    (tags capacitor)
    (path /5DDE8678)
    (attr smd)
    (fp_text reference C5 (at 0 -1.43) (layer F.SilkS)
      (effects (font (size 1 1) (thickness 0.15)))
    )
    (fp_text value 225 (at 0 1.43) (layer F.Fab)
      (effects (font (size 1 1) (thickness 0.15)))
    )
    (fp_line (start -0.8 0.4) (end -0.8 -0.4) (layer F.Fab) (width 0.1))
    (fp_line (start -0.8 -0.4) (end 0.8 -0.4) (layer F.Fab) (width 0.1))
    (fp_line (start 0.8 -0.4) (end 0.8 0.4) (layer F.Fab) (width 0.1))
    (fp_line (start 0.8 0.4) (end -0.8 0.4) (layer F.Fab) (width 0.1))
    (fp_line (start -0.162779 -0.51) (end 0.162779 -0.51) (layer F.SilkS) (width 0.12))
    (fp_line (start -0.162779 0.51) (end 0.162779 0.51) (layer F.SilkS) (width 0.12))
    (fp_line (start -1.48 0.73) (end -1.48 -0.73) (layer F.CrtYd) (width 0.05))
    (fp_line (start -1.48 -0.73) (end 1.48 -0.73) (layer F.CrtYd) (width 0.05))
    (fp_line (start 1.48 -0.73) (end 1.48 0.73) (layer F.CrtYd) (width 0.05))
    (fp_line (start 1.48 0.73) (end -1.48 0.73) (layer F.CrtYd) (width 0.05))
    (fp_text user %R (at 0 0) (layer F.Fab)
      (effects (font (size 0.4 0.4) (thickness 0.06)))
    )
    (pad 2 smd roundrect (at 0.7875 0) (size 0.875 0.95) (layers F.Cu F.Paste F.Mask) (roundrect_rratio 0.25)
      (net 1 GND))
    (pad 1 smd roundrect (at -0.7875 0) (size 0.875 0.95) (layers F.Cu F.Paste F.Mask) (roundrect_rratio 0.25)
      (net 2 3V3))
    (model ${KISYS3DMOD}/Capacitor_SMD.3dshapes/C_0603_1608Metric.wrl
      (at (xyz 0 0 0))
      (scale (xyz 1 1 1))
      (rotate (xyz 0 0 0))
    )
  )

  (module Capacitor_SMD:C_0603_1608Metric (layer B.Cu) (tedit 5B301BBE) (tstamp 5DD6C250)
    (at 149.05 118.08)
    (descr "Capacitor SMD 0603 (1608 Metric), square (rectangular) end terminal, IPC_7351 nominal, (Body size source: http://www.tortai-tech.com/upload/download/2011102023233369053.pdf), generated with kicad-footprint-generator")
    (tags capacitor)
    (path /5DE063FB)
    (attr smd)
    (fp_text reference C6 (at -0.1 -1.32) (layer B.SilkS)
      (effects (font (size 1 1) (thickness 0.15)) (justify mirror))
    )
    (fp_text value 104 (at 0 -1.43) (layer B.Fab)
      (effects (font (size 1 1) (thickness 0.15)) (justify mirror))
    )
    (fp_line (start 1.48 -0.73) (end -1.48 -0.73) (layer B.CrtYd) (width 0.05))
    (fp_line (start 1.48 0.73) (end 1.48 -0.73) (layer B.CrtYd) (width 0.05))
    (fp_line (start -1.48 0.73) (end 1.48 0.73) (layer B.CrtYd) (width 0.05))
    (fp_line (start -1.48 -0.73) (end -1.48 0.73) (layer B.CrtYd) (width 0.05))
    (fp_line (start -0.162779 -0.51) (end 0.162779 -0.51) (layer B.SilkS) (width 0.12))
    (fp_line (start -0.162779 0.51) (end 0.162779 0.51) (layer B.SilkS) (width 0.12))
    (fp_line (start 0.8 -0.4) (end -0.8 -0.4) (layer B.Fab) (width 0.1))
    (fp_line (start 0.8 0.4) (end 0.8 -0.4) (layer B.Fab) (width 0.1))
    (fp_line (start -0.8 0.4) (end 0.8 0.4) (layer B.Fab) (width 0.1))
    (fp_line (start -0.8 -0.4) (end -0.8 0.4) (layer B.Fab) (width 0.1))
    (fp_text user %R (at 0 0) (layer B.Fab)
      (effects (font (size 0.4 0.4) (thickness 0.06)) (justify mirror))
    )
    (pad 1 smd roundrect (at -0.7875 0) (size 0.875 0.95) (layers B.Cu B.Paste B.Mask) (roundrect_rratio 0.25)
      (net 5 "Net-(C6-Pad1)"))
    (pad 2 smd roundrect (at 0.7875 0) (size 0.875 0.95) (layers B.Cu B.Paste B.Mask) (roundrect_rratio 0.25)
      (net 6 "Net-(C6-Pad2)"))
    (model ${KISYS3DMOD}/Capacitor_SMD.3dshapes/C_0603_1608Metric.wrl
      (at (xyz 0 0 0))
      (scale (xyz 1 1 1))
      (rotate (xyz 0 0 0))
    )
  )

  (module Capacitor_SMD:C_0603_1608Metric (layer F.Cu) (tedit 5B301BBE) (tstamp 5DD701B4)
    (at 165.14 126.6 90)
    (descr "Capacitor SMD 0603 (1608 Metric), square (rectangular) end terminal, IPC_7351 nominal, (Body size source: http://www.tortai-tech.com/upload/download/2011102023233369053.pdf), generated with kicad-footprint-generator")
    (tags capacitor)
    (path /5DD8B01A)
    (attr smd)
    (fp_text reference C7 (at 2.7 0.07 90) (layer F.SilkS)
      (effects (font (size 1 1) (thickness 0.15)))
    )
    (fp_text value 105 (at 0 1.43 90) (layer F.Fab)
      (effects (font (size 1 1) (thickness 0.15)))
    )
    (fp_line (start 1.48 0.73) (end -1.48 0.73) (layer F.CrtYd) (width 0.05))
    (fp_line (start 1.48 -0.73) (end 1.48 0.73) (layer F.CrtYd) (width 0.05))
    (fp_line (start -1.48 -0.73) (end 1.48 -0.73) (layer F.CrtYd) (width 0.05))
    (fp_line (start -1.48 0.73) (end -1.48 -0.73) (layer F.CrtYd) (width 0.05))
    (fp_line (start -0.162779 0.51) (end 0.162779 0.51) (layer F.SilkS) (width 0.12))
    (fp_line (start -0.162779 -0.51) (end 0.162779 -0.51) (layer F.SilkS) (width 0.12))
    (fp_line (start 0.8 0.4) (end -0.8 0.4) (layer F.Fab) (width 0.1))
    (fp_line (start 0.8 -0.4) (end 0.8 0.4) (layer F.Fab) (width 0.1))
    (fp_line (start -0.8 -0.4) (end 0.8 -0.4) (layer F.Fab) (width 0.1))
    (fp_line (start -0.8 0.4) (end -0.8 -0.4) (layer F.Fab) (width 0.1))
    (fp_text user %R (at 0 0 90) (layer F.Fab)
      (effects (font (size 0.4 0.4) (thickness 0.06)))
    )
    (pad 1 smd roundrect (at -0.7875 0 90) (size 0.875 0.95) (layers F.Cu F.Paste F.Mask) (roundrect_rratio 0.25)
      (net 7 "Net-(C7-Pad1)"))
    (pad 2 smd roundrect (at 0.7875 0 90) (size 0.875 0.95) (layers F.Cu F.Paste F.Mask) (roundrect_rratio 0.25)
      (net 1 GND))
    (model ${KISYS3DMOD}/Capacitor_SMD.3dshapes/C_0603_1608Metric.wrl
      (at (xyz 0 0 0))
      (scale (xyz 1 1 1))
      (rotate (xyz 0 0 0))
    )
  )

  (module Capacitor_SMD:C_0603_1608Metric (layer F.Cu) (tedit 5B301BBE) (tstamp 5DD71D1F)
    (at 163.23 126.58 90)
    (descr "Capacitor SMD 0603 (1608 Metric), square (rectangular) end terminal, IPC_7351 nominal, (Body size source: http://www.tortai-tech.com/upload/download/2011102023233369053.pdf), generated with kicad-footprint-generator")
    (tags capacitor)
    (path /5DD8B014)
    (attr smd)
    (fp_text reference C8 (at 2.78 -0.14 90) (layer F.SilkS)
      (effects (font (size 1 1) (thickness 0.15)))
    )
    (fp_text value 105 (at 0 1.43 90) (layer F.Fab)
      (effects (font (size 1 1) (thickness 0.15)))
    )
    (fp_line (start 1.48 0.73) (end -1.48 0.73) (layer F.CrtYd) (width 0.05))
    (fp_line (start 1.48 -0.73) (end 1.48 0.73) (layer F.CrtYd) (width 0.05))
    (fp_line (start -1.48 -0.73) (end 1.48 -0.73) (layer F.CrtYd) (width 0.05))
    (fp_line (start -1.48 0.73) (end -1.48 -0.73) (layer F.CrtYd) (width 0.05))
    (fp_line (start -0.162779 0.51) (end 0.162779 0.51) (layer F.SilkS) (width 0.12))
    (fp_line (start -0.162779 -0.51) (end 0.162779 -0.51) (layer F.SilkS) (width 0.12))
    (fp_line (start 0.8 0.4) (end -0.8 0.4) (layer F.Fab) (width 0.1))
    (fp_line (start 0.8 -0.4) (end 0.8 0.4) (layer F.Fab) (width 0.1))
    (fp_line (start -0.8 -0.4) (end 0.8 -0.4) (layer F.Fab) (width 0.1))
    (fp_line (start -0.8 0.4) (end -0.8 -0.4) (layer F.Fab) (width 0.1))
    (fp_text user %R (at 0 0 90) (layer F.Fab)
      (effects (font (size 0.4 0.4) (thickness 0.06)))
    )
    (pad 1 smd roundrect (at -0.7875 0 90) (size 0.875 0.95) (layers F.Cu F.Paste F.Mask) (roundrect_rratio 0.25)
      (net 8 "Net-(C8-Pad1)"))
    (pad 2 smd roundrect (at 0.7875 0 90) (size 0.875 0.95) (layers F.Cu F.Paste F.Mask) (roundrect_rratio 0.25)
      (net 1 GND))
    (model ${KISYS3DMOD}/Capacitor_SMD.3dshapes/C_0603_1608Metric.wrl
      (at (xyz 0 0 0))
      (scale (xyz 1 1 1))
      (rotate (xyz 0 0 0))
    )
  )

  (module Capacitor_SMD:C_0603_1608Metric (layer F.Cu) (tedit 5B301BBE) (tstamp 5DD701D6)
    (at 158.32 123.78 90)
    (descr "Capacitor SMD 0603 (1608 Metric), square (rectangular) end terminal, IPC_7351 nominal, (Body size source: http://www.tortai-tech.com/upload/download/2011102023233369053.pdf), generated with kicad-footprint-generator")
    (tags capacitor)
    (path /5DD722A3)
    (attr smd)
    (fp_text reference C9 (at 2.69 -0.04 90) (layer F.SilkS)
      (effects (font (size 1 1) (thickness 0.15)))
    )
    (fp_text value 104 (at 0 1.43 90) (layer F.Fab)
      (effects (font (size 1 1) (thickness 0.15)))
    )
    (fp_line (start -0.8 0.4) (end -0.8 -0.4) (layer F.Fab) (width 0.1))
    (fp_line (start -0.8 -0.4) (end 0.8 -0.4) (layer F.Fab) (width 0.1))
    (fp_line (start 0.8 -0.4) (end 0.8 0.4) (layer F.Fab) (width 0.1))
    (fp_line (start 0.8 0.4) (end -0.8 0.4) (layer F.Fab) (width 0.1))
    (fp_line (start -0.162779 -0.51) (end 0.162779 -0.51) (layer F.SilkS) (width 0.12))
    (fp_line (start -0.162779 0.51) (end 0.162779 0.51) (layer F.SilkS) (width 0.12))
    (fp_line (start -1.48 0.73) (end -1.48 -0.73) (layer F.CrtYd) (width 0.05))
    (fp_line (start -1.48 -0.73) (end 1.48 -0.73) (layer F.CrtYd) (width 0.05))
    (fp_line (start 1.48 -0.73) (end 1.48 0.73) (layer F.CrtYd) (width 0.05))
    (fp_line (start 1.48 0.73) (end -1.48 0.73) (layer F.CrtYd) (width 0.05))
    (fp_text user %R (at 0 0 90) (layer F.Fab)
      (effects (font (size 0.4 0.4) (thickness 0.06)))
    )
    (pad 2 smd roundrect (at 0.7875 0 90) (size 0.875 0.95) (layers F.Cu F.Paste F.Mask) (roundrect_rratio 0.25)
      (net 1 GND))
    (pad 1 smd roundrect (at -0.7875 0 90) (size 0.875 0.95) (layers F.Cu F.Paste F.Mask) (roundrect_rratio 0.25)
      (net 2 3V3))
    (model ${KISYS3DMOD}/Capacitor_SMD.3dshapes/C_0603_1608Metric.wrl
      (at (xyz 0 0 0))
      (scale (xyz 1 1 1))
      (rotate (xyz 0 0 0))
    )
  )

  (module Capacitor_SMD:C_0603_1608Metric (layer F.Cu) (tedit 5B301BBE) (tstamp 5DD701E7)
    (at 156.81 123.78 90)
    (descr "Capacitor SMD 0603 (1608 Metric), square (rectangular) end terminal, IPC_7351 nominal, (Body size source: http://www.tortai-tech.com/upload/download/2011102023233369053.pdf), generated with kicad-footprint-generator")
    (tags capacitor)
    (path /5DD7229D)
    (attr smd)
    (fp_text reference C10 (at 3.15 0 90) (layer F.SilkS)
      (effects (font (size 1 1) (thickness 0.15)))
    )
    (fp_text value 105 (at 0 1.43 90) (layer F.Fab)
      (effects (font (size 1 1) (thickness 0.15)))
    )
    (fp_line (start -0.8 0.4) (end -0.8 -0.4) (layer F.Fab) (width 0.1))
    (fp_line (start -0.8 -0.4) (end 0.8 -0.4) (layer F.Fab) (width 0.1))
    (fp_line (start 0.8 -0.4) (end 0.8 0.4) (layer F.Fab) (width 0.1))
    (fp_line (start 0.8 0.4) (end -0.8 0.4) (layer F.Fab) (width 0.1))
    (fp_line (start -0.162779 -0.51) (end 0.162779 -0.51) (layer F.SilkS) (width 0.12))
    (fp_line (start -0.162779 0.51) (end 0.162779 0.51) (layer F.SilkS) (width 0.12))
